24
couponsf.xml
190
6
6
3
5
1
1
1
2
191
21
3
1
1
2
1
1
1
3
3
1
1
10
1
1
1
16
1
1
4
1
1
22
1
1
1
1
1
3
1
1
29
1
1
3
2
1
3
15
1
2
6
33
12
4
3
2
2
1
4
3
2
2
2
1
2
1
1
2
1
1
3
1
25
8
3
9
6
4
17
2
4
2
39
1
6
1
5
2
1
1
1
17
3
3
1
1
4
2
3
1
10
2
3
29
18
1
1
1
43
1
2
1
43
1
2
1
1
23
8
130
8
1
2
2
1
2
1
4
3
72
2
1
1
2
1
14
1
504
7
1
3
1
1
2
1
1
1
3
85
12
1
2
2
6
1
2
4
1
11
1
3
1
17
4
1
1
1
6
2
1
1
3
6
7
19
31
1
1
1
2
1
2
4
1
1
1
1
2
1
2
expiredcouponsf.xml
27
3
1
4
1
100
3
1
2
1
1
5
1
1
1
244
1
1
1
1
1
1
1
1
1
1
1
1
expireddealsf.xml
642
6
1
1
92
1972
46
370
13
51
40
97
19
8
188
43
18
28
53
92
199
142
158
19
24
12
4
83
13
265
17
168
146
240
9
10
44
29
17
8
5
35
42
59
5
5
201
2
7
25
128
147
13
109
97
63
25
15
15
7
81
12
28
11
170
1306
263
74
31
10
202
15
18
16
18
9
110
354
45
5
23
6
1181
61
54
27
7
81
241
17
17
67
21
17
29
12
34
21
13
15
17
3
206
5
32
1
23
32
80
23
1
41
9
8
31
38
1854
11
32
11
68
69
11
9
152
56
54
30
48
17
4
30
31
72
26
2
7
11
39
14
139
2
36
4
8
16
23
233
8
15
21
43
38
7
70
19
763
8
4
41
9
17
49
28
3
69
32
14
6
90
12
24
44
92
30
25
16
22
370
26
18
30
15
13
15
6
48
80
7
1
46
19
6
102
26
10
1
5
4
767
23
62
1
7
8
80
21
84
3
45
9
84
72
40
17
3
868
41
11
2
2
77
10
9
613
16
4
5
198
7
12
34
14
62
10
8
11
7
17
44
1
6
44
27
17
236
65
1830
15
25
5
18
1020
41
11
1
64
34
14
1
13
26
1
44
10
1
91
36
27
8
24
42
5
87
3
5
44
7
337
11
6
1
41
40
19
1
9
15
120
172
59
31
26
7
33
86
16
3
8
28
10
85
21
43
5
11
29
2
22
59
190
5
26
99
5
82
2
9
11
68
42
4
9
22
22
38
38
8
8
5
7
76
167
25
22
16
75
4
32
5
83
13
8
10
7
14
75
30
1096
8
5
3
6
10
14
35
1
22
48
5
57
14
157
69
36
5
15
12
3
91
3
6
64
4
24
9
6
4
4
6
30
1
1
2
10
1
148
15
10
9
5
31
17
11
11
2
14
2
1
200
12
13
22
8
30
20
245
28
1201
95
109
1
22
12
41
6
13
22
73
8
8
10
18
29
72
26
3
5
66
24
224
9
7
10
23
14
7
28
20
11
44
18
37
22
22
46
165
174
16
11
4
14
4
2
6
5
121
6
4
7
27
35
12
3
29
72
14
31
9
16
50
39
16
22
14
31
110
3
7
26
14
6
2
9
16
1
12
588
30
12
4
99
1
12
95
25
5
9
92
3
14
25
1
183
4
15
2
1
50
24
24
3
6
14
38
35
9
4
20
49
8
2023
29
6
31
11
5
37
11
55
21
30
14
25
24
6
19
20
13
210
11
19
17
3
6
22
11
6
186
12
16
7
4
15
2
9
3
3
13
3
8
16
9
7
20
83
10
72
12
1
6
132
4
3
7
9
10
5
5
6
10
3
11
19
5
1
13
1
12
35
3
19
469
11
30
116
19
21
12
4
25
12
12
131
10
28
688
8
39
3
5
15
18
12
4
19
72
9
31
44
11
158
176
18
18
93
21
100
3
1
35
1
58
31
16
266
7
6
14
13
16
14
20
expiredfreebiesf.xml
87
11
18
9
1
44
18
44
7
10
1
24
14
14
1
10
2
15
4
84
3
3
18
3
3
248
6
7
2
7
1
21
6
3
29
1
3
10
36
4
8
3
1
6
605
24
1
3
2
1
1
2
127
58
6
1
1
15
14
3
9
3
79
3
4
8
16
2
3
8
17
69
34
5
51
1
2
2
24
16
10
21
41
18
5
2
1
2
expiredgroupdealsf.xml
166
2
16
13
141
217
29
8
4
20
14
34
2
6
8
5
12
11
1
2
15
18
5
12
3
2
11
5
190
6
4
7
3
2
9
5
1
3
10
15
13
3
7
5
6
3
11
6
1
4
9
8
2
16
10
4
5
17
7
2
12
4
9
4
15
2
11
2
2
10
3
6
3
1
10
49
53
1
9
4
1
13
5
2
1
2
9
5
7
11
4
33
10
10
4
12
35
29
3
2
149
4
10
23
8
3
21
27
3
1
12
27
1
35
5
4
28
4
16
4
7
10
7
26
9
5
8
4
1
12
10
30
5
5
7
2
14
3
92
1
1
10
1
22
2
1
6
4
3
2
36
6
2
10
16
11
1
11
1
9
1
26
1
22
31
3
7
freebiesf.xml
183
3965
304
1360
300
133
280
1646
4
825
7
7714
25
1085
124
2728
2833
14
6
364
6
479
1
761
1
30
56
18
467
1
262
951
1
45
7
3
1
14
6
8
1
1
1893
12
1
72
170
1
5
12
49
706
31
2
1
27
195
1
3
15
20
3
18
4
10
7
1
6
2
103
6
5
105
6
2
1
1
3
66
1
4
24
6
9
29
9
6
30
50
6
24
213
8
4
40
3
9
1
22
16
4
5
64
30
16
34
11
8
10
6
36
42
6
10
5
4
3
1
13
3
2
9
3
282
5
1
1
33
1
31
30
3
26
1
20
1
4
1
41
10
0
23
15
3
10
3
1
7
1
540
1
8
1
2
2
2
5
1
1
2
46
17
3
13
17
4
6
65
1
86
5
2
7
3
29
1
9
14
1
5
4
1
85
1
groupdealsf.xml
915
19
11
21
198
5
2
43
11
4
2
4
1
6
2
4
1
41
130
1
1
1
142
1
4
1
2
5
5
4
23
15
13
2
9
37
3
5
4
3
1
2
10
1
4
2
4
6
5
19
1
2
1
7
2
28
3
4
10
1
5
1
1
9
8
33
4
2
3
6
4
2
29
1
4
1
5
3
2
15
1
7
9
5
1
1
6
6
5
2
6
30
104
10
2
1
1
16
1
2
5
10
3
3
11
34
3
9
8
2
8
2
5
15
11
5
14
20
18
4
70
14
7
3
2
8
20
1
10
1
4
3
21
10
6
5
7
3
8
2
19
3
29
1
1
1
1
3
2
1
4
4
25
1
3
17
2
6
3
2
1
1
6
12
27
1
2
1
2
1
7
31
9
6
3
1
5
10
4
3
3
1
1
3
2
1
7
2
1
1
10
201
2
4
23
2
11
6
3
8
3
4
2
12
1
3
6
1
1
24
12
1
1
34
1
2
44
1
2
3
6
39
11
13
7
20
7
4
2
18
4
21
1
6
6
1
1
3
2
12
55
2
22
26
1
9
2
1
3
21
7
1
7
11
2
4
4
5
1
39
3
3
55
5
19
1
1
16
29
7
9
3
5
11
3
4
1
18
8
12
11
3
2
13
3
9
8
1
11
1
17
9
1
1
1
1
7
6
6
1
2
2
3
1
2
5
7
5
5
5
34
2
4
1
6
2
6
5
73
10
24
27
3
3
1
16
3
4
7
3
5
10
19
4
1
5
3
9
13
4
3
7
26
1
30
1
3
2
4
7
13
1
9
1
1
43
4
7
6
1
7
21
2
3
2
1
2
4
3
2
24
9
4
2
8
1
1
4
2
6
1
4
1
4
18
2
1
8
4
2
2
4
4
9
9
11
2
1
3
2
5
1
13
9
1
1
3
9
5
2
30
7
2
7
9
5
1
6
5
2
4
6
13
1
3
3
1
10
3
6
4
22
2
14
2
1
1
1
1
4
4
4
10
6
1
1
2
4
6
8
58
1
4
1
17
1
12
4
5
7
3
7
1
1
16
3
4
3
3
1
7
3
6
10
2
2
2
3
34
1
9
21
2
2
13
4
11
4
8
6
5
6
3
4
4
1
25
1
4
8
4
7
5
1
19
1
6
13
1
179
5
4
7
1
13
1
38
3
5
1
8
17
5
3
17
1
7
1
2
1
1
1
2
8
20
3
38
1
54
3
2
19
1
3
1
4
3
15
4
2
2
22
3
2
5
5
1
3
3
2
8
3
14
14
3
1
5
2
5
2
4
17
2
4
3
6
7
4
4
1
3
4
1
3
3
55
15
1
1
5
1
5
3
1
6
2
3
12
1
10
2
1
1
14
3
4
4
4
3
12
2
1
5
2
1
3
1
1
15
8
6
12
2
2
3
1
2
3
1
1
1
1
11
3
3
1
1
8
1
7
1
3
3
1
2
2
11
40
1
14
3
2
1
5
3
3
1
4
75
10
27
7
2
7
2
1
11
6
9
3
3
1
1
1
2
10
1
1
2
2
4
18
10
2
1
1
1
6
15
15
5
15
1
1
1
2
5
1
3
2
1
3
6
1
2
2
3
7
2
11
3
1
107
3
7
1
3
3
6
3
3
1
1
4
10
1
2
3
1
1
3
1
1
2
1
1
7
1
1
2
1
1
1
1
1
7
7
3
6
1
1
1
1
1
19
1
1
1
2
1
7
13
1
1
5
2
2
3
13
1
19
14
3
2
4
1
4
2
6
1
1
1
1
3
1
1
3
1
4
4
1
2
4
2
9
3
8
11
3
7
2
2
14
3
2
2
1
3
1
1
1
1
1
1
3
4
17
1
4
9
2
1
1
1
2
3
1
2
3
9
1
3
1
1
1
1
5
10
4
1
4
5
8
1
1
1
3
28
5
5
1
2
2
1
4
3
32
1
1
5
1
3
8
6
8
2
4
1
7
1
8
2
2
5
2
1
6
5
3
2
2
3
1
1
8
1
2
3
1
2
2
1
6
1
3
2
1
2
18
1
3
5
8
5
11
1
9
42
3
20
2
2
12
5
4
4
ongoingdealdiscussionf.xml
62
642
5233
1581
9360
505
4138
3808
809
4546
764
407
2428
3140
1198
467
951
104
5701
2991
447
2536
780
375
1054
939
244
1150
1464
1410
205
1461
1971
1435
873
1315
878
1694
1082
826
1818
6320
1058
548
2395
709
215
3033
181
504
325
3354
1128
1339
628
816
1575
293
384
162
39
503
3046
prefixidApparel.xml
69
198
57
114
12
329
14
3
30
1
15
2
13
7
49
30
17
34
52
5
1
1
120
5
2
12
12
1
1
4
3
2
26
39
4
4
1
2
14
4
4
16
22
24
61
10
1
42
7
16
34
44
64
1
41
19
15
26
117
181
4
7
116
6
7
34
6
23
44
24
prefixidAuto.xml
43
183
20
43
22
14
1
105
3
105
183
224
3
40
52
19
10
69
65
7
39
34
15
64
25
25
90
24
4
27
3
98
1
5
77
16
76
3
46
16
4
15
19
35
prefixidBeauty.xml
19
13
30
3
2
18
3
2
69
12
1
7
3
57
2
11
1
24
2
3
prefixidBiz.xml
2
1
14
prefixidComp.xml
138
296
9
1
1160
58
157
15
496
1176
16
14
43
15
39
16
2
20
17
21
61
24
58
3
18
10
44
10
23
102
16
35
13
35
15
3
1
4
11
22
19
9
8
16
139
32
138
6
39
39
21
30
2
11
17
3
2
7
5
8
171
7
2
15
618
18
333
30
85
2
74
23
57
37
5
19
27
15
16
32
5
4
14
21
15
9
17
1
9
42
20
7
9
16
10
8
21
1
24
7
10
8
54
2
488
4
7
12
59
12
13
28
6
37
1
24
7
5
90
23
25
7
13
29
9
11
8
3
13
28
19
72
5
13
10
5
2
7
16
prefixidElect.xml
224
12
86
79
1
2
5
830
392
9
1316
51
5
1
337
15
6
31
12
60
907
5
8
19
49
298
116
2
19
6
22
1
28
51
7
19
79
12
12
5
97
9
3
126
13
292
12
1
7
25
13
472
6
20
32
12
96
41
12
45
4
17
9
75
142
49
240
2
157
219
48
10
34
10
26
13
7
1
15
17
227
22
79
21
4
6
20
74
20
1
1
26
28
1
20
1
425
6
2
66
4
2
351
3
16
14
2
55
2
9
30
3
12
1
2
6
23
100
8
109
2
9
12
30
10
19
6
6
1
20
8
16
172
236
44
11
2
21
7
16
67
12
4
31
7
18
40
19
33
19
37
2
3
71
250
30
16
8
57
8
24
4
4
5
1
14
21
4
4
6
19
8
27
26
12
5
13
25
11
1
28
26
31
5
3
58
2
0
30
5
36
6
47
29
3
184
15
21
17
11
26
189
7
1
17
23
6
27
3
1
10
36
10
1
42
8
18
48
4
13
2
3
72
1
22
prefixidFitness.xml
27
2013
4
86
17
58
36
22
4
5
6
68
138
1
10
8
5
3
4
56
1
10
67
103
9
4
6
21
prefixidFood.xml
68
30
14
74
319
19
27
30
13
324
10
24
1
18
59
7
20
63
4
10
2
7
177
43
41
1
27
40
5
15
11
3
8
5
9
14
9
1
7
3
2
33
44
10
24
28
7
30
1
1
8
3
3
30
8
3
6
1
9
8
2
65
8
9
18
6
1
12
44
prefixidFun.xml
29
5
831
1
298
4
5
17
3
10
1
12
37
4
22
2
2
11
3
5
9
9
43
43
6
23
6
11
3
2
prefixidGames.xml
114
2
4
44
30
95
46
121
24
51
66
47
4
29
32
8
3
29
4
19
39
27
16
26
8
8
3
8
10
29
36
15
17
10
4
20
41
208
2
4
9
94
6
14
16
15
25
9
9
4
13
24
22
8
12
1
22
2
12
4
11
31
21
1
2
8
11
23
33
14
8
42
11
91
224
7
20
22
1
12
1
5
19
7
11
8
50
51
6
3
8
38
1
3
29
2
5
8
170
2
4
139
30
10
19
12
15
58
25
1
48
1
18
3
8
prefixidHome.xml
172
11
172
10
53
58
42
7
11
2
1
51
1
62
6
8
11
20
40
4
154
5
6
4
3
3
30
35
7
2
30
66
3
12
17
6
28
82
31
9
38
1
1
48
7
10
52
23
40
25
1
24
16
20
12
15
5
19
13
3
78
2
4
106
15
7
18
18
7
8
1
6
112
1
11
10
6
1
6
9
10
16
23
34
46
37
14
788
23
20
5
9
209
46
24
6
2
6
7
62
281
4
3
62
2
12
6
38
30
41
11
68
7
27
11
6
11
10
4
13
3
4
21
8
8
1
19
6
14
34
1
25
17
2
1
24
3
89
2
3
33
6
15
12
3
8
76
55
40
11
13
2
11
9
44
180
42
2
2
6
1
4
11
1
392
26
1
22
13
3
14
22
1
prefixidMoney.xml
18
54
10
252
17
131
26
45
34
1720
20
42
248
108
1
6
187
134
5
prefixidOther.xml
59
14
1
2
37
4979
13
197
31
19
72
7
38
1
7
4
78
8
1
22
15
3
26
8
16
49
19
38
29
30
1
59
13
236
3
20
5
1
10
14
1
3
63
5
2
10
1
6
14
189
110
69
383
612
5
6
5
4
2
4
prefixidParents.xml
17
3
44
2
34
9
5
9
2
2
6
1
27
7
1
4
1
1
prefixidTravel.xml
29
72
27
1
19
305
2
57
89
7
9
7
22
10
29
4
52
64
1
20
11
14
2
14
67
13
1
44
44
2
shoppingdiscussionf.xml
328
5
1139
2
66
5
77
14
21
34
182
27
46
6
22
9
21
9
30
9
30
96
5
26
2
10
8
3
21
2
7
964
477
10
16
17
25
4
73
2
7
3
15
25
8
1
4
1
9
2
16
17
5
158
35
3
11
151
69
17
16
42
28
7
5
4
11
15
6
22
16
16
6
11
35
3
29
15
13
6
2
29
125
4
16
4
984
3
59
60
98
7
24
126
3
34
13
4
56
8
8
18
5
67
175
34
2
8
13
9
17
20
6
21
4
6
3
6
12
23
91
6
20
2
4
38
21
6
32
4
35
14
16
16
40
4
9
12
30
33
31
58
2
63
58
6
3
8
5
7
36
15
4
63
1
32
7
2
2
17
20
59
5
10
36
12
8
4
21
42
72
46
5
6
5
14
15
1
6
16
30
32
3
31
13
13
4
38
3
8
22
4
6
10
9
9
19
7
4
15
2
3
57
12
1
5
3
6
16
21
16
68
9
1
14
11
18
10
43
38
12
2
7
10
1
5
5
22
4
2
5
7
2
30
7
29
2
52
15
7
1
103
8
5
13
2
5
10
8
1
123
2
10
72
23
11
46
7
12
1
7
1
30
27
11
23
61
1
16
26
72
58
47
2
13
27
18
2
41
1
2
2
4
56
14
6
6
15
19
14
30
17
9
9
30
203
2
11
58
196
15
2
1
21
4
25
7
10
9
11
12
21
1
2
13
3
7
6
35
3
30
6
5
9
16
3
9
45
37
